<html>
<head><meta charset="utf-8" /></head>
<body>
    <div>                        <script type="text/javascript">window.PlotlyConfig = {MathJaxConfig: 'local'};</script>
        <script charset="utf-8" src="https://cdn.plot.ly/plotly-2.34.0.min.js"></script>                <div id="564f3eda-ea15-4a16-a7cc-627271daafd1" class="plotly-graph-div" style="height:400px; width:600px;"></div>            <script type="text/javascript">                                    window.PLOTLYENV=window.PLOTLYENV || {};                                    if (document.getElementById("564f3eda-ea15-4a16-a7cc-627271daafd1")) {                    Plotly.newPlot(                        "564f3eda-ea15-4a16-a7cc-627271daafd1",                        [{"coloraxis":"coloraxis","name":"0","texttemplate":"%{z}","x":["hour","day","month","price","distance","surge_multiplier","latitude","longitude","temperature","apparentTemperature","precipIntensity","precipProbability","windSpeed","windGust","visibility","apparentTemperatureHigh","apparentTemperatureLow","pressure","windBearing","cloudCover","precipIntensityMax","temperatureMin","temperatureMax","distance_log"],"y":["hour","day","month","price","distance","surge_multiplier","latitude","longitude","temperature","apparentTemperature","precipIntensity","precipProbability","windSpeed","windGust","visibility","apparentTemperatureHigh","apparentTemperatureLow","pressure","windBearing","cloudCover","precipIntensityMax","temperatureMin","temperatureMax","distance_log"],"z":[[1.0,0.06608972160576174,-0.0793789868126348,-9.488262813401788e-05,0.002279633958934625,-7.729547888907535e-05,0.019493442871268956,-0.006294821811416429,0.2187689787517381,0.1981901152578785,-0.23334926816134569,-0.12972534539757946,0.07277784124749496,0.07730794888082002,0.17412913342570221,0.005513440606585046,0.01600537294852759,-0.06736648987509779,0.03608917446778472,0.026525098864988963,0.01994013955367031,0.015513260253303643,0.0029580972699902192,0.002815801042323492],[0.06608972160576174,1.0,-0.8613056539659384,-0.0006308965050914641,-0.0006265116641348764,0.00138872958881914,0.00683753873508562,0.07868979439431606,-0.08411557257588521,-0.2235445838423464,0.09166439464566671,0.030902934068127167,0.44050231551167784,0.40263686560226764,0.10499221279750624,-0.3981826683016865,-0.19298430065005934,-0.4446354742670865,0.0921669414075355,-0.041189753349258174,0.14556751947973717,0.03807626015194488,-0.30487001792179025,-0.0008083814625115992],[-0.0793789868126348,-0.8613056539659384,1.0,0.0009172172444434927,0.0022977043075635573,-0.0006283164837636473,0.08579143846192247,-0.12691189188250182,-0.08177406049441076,0.024983154441135778,-0.15453128719743076,-0.09803134219472712,-0.3348033829973246,-0.2704942019445538,0.011492544687556942,0.15265067279147637,-0.08699847871387684,0.5896088428955538,-0.1351026741868734,-0.01680015491096295,-0.2130540781021828,-0.1918033859562692,0.10532645706178664,0.0022775873822056254],[-9.488262813401788e-05,-0.0006308965050914641,0.0009172172444434927,1.0,0.3169999547993481,0.23060501716941173,0.0022153370763779044,-0.0013142427556609626,-0.0002772205559782769,-0.0002183971174803024,0.0006620787877017713,0.00036123444509998274,0.0003007122593824958,0.0003542804415986012,0.0011408323989838152,-0.00045222391960581773,0.0012752465566167055,0.00154894321868658,-0.002200540636606119,0.0011901825232434906,0.0010795061656450134,-0.0010050721819129178,-0.0009968853899992986,0.30846554671117427],[0.002279633958934625,-0.0006265116641348764,0.0022977043075635573,0.3169999547993481,1.0,0.024769498743078808,0.0008193586145156805,-0.00029258051005495787,-0.002883934470178047,-0.00311565670966162,-0.0002562826232109677,0.00037123243816044704,0.0022769263434032168,0.0013637455821411918,0.0040915990232281325,-0.004098401948402028,-0.0015012710065508493,0.003489719074434431,-0.0021455543129633766,-0.0009053303407610972,0.0006475408418631773,-0.0033959746757356323,-0.004191484533505936,0.9744923909352289],[-7.729547888907535e-05,0.00138872958881914,-0.0006283164837636473,0.23060501716941173,0.024769498743078808,1.0,0.0013751343156110701,-0.0018288007419617624,-0.0015720949521174582,-0.0025317385551842974,-0.0015302811984492916,-0.002768500074223371,0.0025114897655274106,0.0020933510840964835,0.0017143959056550057,-0.002040632460745132,-0.002993731904689834,-0.0030028405676424496,0.0021674213712112368,-0.002103144000395741,-0.00010096618654723973,-0.0007240891385937025,-0.0019513024878514212,0.029399355626606297],[0.019493442871268956,0.00683753873508562,0.08579143846192247,0.0022153370763779044,0.0008193586145156805,0.0013751343156110701,1.0,-0.5312590480125065,-0.09860351669716855,-0.06709792653248887,-0.07418113810366446,-0.07127482319664835,-0.0971386886395404,0.024308899443398868,0.12416633963902851,-0.09216740016687762,-0.0023551414924938958,0.14911023238072377,-0.0323178871983364,-0.06446369612227583,-0.047535392492677644,-0.11418476931716844,-0.10895293438185853,0.0010088283136119004],[-0.006294821811416429,0.07868979439431606,-0.12691189188250182,-0.0013142427556609626,-0.00029258051005495787,-0.0018288007419617624,-0.5312590480125065,1.0,0.01218278458343178,-0.006103253666509663,0.1308396333145072,0.12235520925138635,0.09279667068387372,-0.006169910521071547,-0.09703107933337188,-0.001592983180890936,0.01953393358279418,-0.08566503218615204,-0.034877210525156736,0.07345827036306724,0.03075256749066375,0.04872308425716816,-0.007274092245487908,1.3680202518450084e-05],[0.2187689787517381,-0.08411557257588521,-0.08177406049441076,-0.0002772205559782769,-0.002883934470178047,-0.0015720949521174582,-0.09860351669716855,0.01218278458343178,1.0,0.9461664453752503,0.18272428303178107,0.23916501617093258,0.05865487437764106,-0.009082459127353112,-0.3240867941531513,0.7105522551136019,0.3829767129005276,-0.33920995425657274,-0.24437056660610484,0.3551556472469996,0.33308139229148254,0.7892606923196899,0.7805463819546181,-0.0032663386546084748],[0.1981901152578785,-0.2235445838423464,0.024983154441135778,-0.0002183971174803024,-0.00311565670966162,-0.0025317385551842974,-0.06709792653248887,-0.006103253666509663,0.9461664453752503,1.0,0.09832334853982742,0.15875766509286066,-0.24448376103281824,-0.2875060444263608,-0.29924696459195255,0.8117924654132922,0.495934942595529,-0.1345273764390423,-0.29371567020300005,0.29485696909774445,0.25707190673952895,0.6974405215725169,0.7926250794329975,-0.00363180288141412],[-0.23334926816134569,0.09166439464566671,-0.15453128719743076,0.0006620787877017713,-0.0002562826232109677,-0.0015302811984492916,-0.07418113810366446,0.1308396333145072,0.18272428303178107,0.09832334853982742,1.0,0.8384696099287188,0.30736935107682223,0.19807706720030835,-0.6006630606538802,0.11457539786820006,0.18312982900660016,-0.14371783327674795,-0.43332684193622084,0.2889603786137876,0.49878750144592854,0.23657799803768484,0.11402013136218273,-0.0006925946256103227],[-0.12972534539757946,0.030902934068127167,-0.09803134219472712,0.00036123444509998274,0.00037123243816044704,-0.002768500074223371,-0.07127482319664835,0.12235520925138635,0.23916501617093258,0.15875766509286066,0.8384696099287188,1.0,0.25211742859470676,0.12763911661715202,-0.7612587958235355,0.14271381587766258,0.1869806123190424,-0.179500378787787,-0.47018104682478373,0.38711439029665,0.5833345712300478,0.2743369736116031,0.14209193314893762,2.424924876269033e-05],[0.07277784124749496,0.44050231551167784,-0.3348033829973246,0.0003007122593824958,0.0022769263434032168,0.0025114897655274106,-0.0971386886395404,0.09279667068387372,0.05865487437764106,-0.24448376103281824,0.30736935107682223,0.25211742859470676,1.0,0.937637911490468,-0.03552049447090524,-0.3789938984048885,-0.38441611144208465,-0.574457589525912,0.11293806817401957,0.15977464208693684,0.2122818244143411,0.17391478490243906,-0.12083202820374674,0.0026850078316666376],[0.07730794888082002,0.40263686560226764,-0.2704942019445538,0.0003542804415986012,0.0013637455821411918,0.0020933510840964835,0.024308899443398868,-0.006169910521071547,-0.009082459127353112,-0.2875060444263608,0.19807706720030835,0.12763911661715202,0.937637911490468,1.0,0.038831456591742176,-0.41673910123231217,-0.40384034131513896,-0.5137802374056689,0.1683326468446775,0.10479639874317741,0.1002429861995415,0.08114201141629308,-0.14477996704620555,0.0018330968057353161],[0.17412913342570221,0.10499221279750624,0.011492544687556942,0.0011408323989838152,0.0040915990232281325,0.0017143959056550057,0.12416633963902851,-0.09703107933337188,-0.3240867941531513,-0.29924696459195255,-0.6006630606538802,-0.7612587958235355,-0.03552049447090524,0.038831456591742176,1.0,-0.2842804866798738,-0.19675179310098143,0.2279123301063431,0.40197782125578646,-0.4776176407241057,-0.5450523729210894,-0.3528691247757987,-0.2971592315366763,0.004386272661614041],[0.005513440606585046,-0.3981826683016865,0.15265067279147637,-0.00045222391960581773,-0.004098401948402028,-0.002040632460745132,-0.09216740016687762,-0.001592983180890936,0.7105522551136019,0.8117924654132922,0.11457539786820006,0.14271381587766258,-0.3789938984048885,-0.41673910123231217,-0.2842804866798738,1.0,0.6022361992340464,0.02760947914732064,-0.23697194066976765,0.08853371291029878,0.1732954918135819,0.6650657391742066,0.9264537899761065,-0.00457511206379568],[0.01600537294852759,-0.19298430065005934,-0.08699847871387684,0.0012752465566167055,-0.0015012710065508493,-0.002993731904689834,-0.0023551414924938958,0.01953393358279418,0.3829767129005276,0.495934942595529,0.18312982900660016,0.1869806123190424,-0.38441611144208465,-0.40384034131513896,-0.19675179310098143,0.6022361992340464,1.0,0.1780968064857945,-0.31804333392236533,0.09024264976351817,0.2546296785208198,0.2844514293584476,0.4922814724774272,-0.0014637658236085318],[-0.06736648987509779,-0.4446354742670865,0.5896088428955538,0.00154894321868658,0.003489719074434431,-0.0030028405676424496,0.14911023238072377,-0.08566503218615204,-0.33920995425657274,-0.1345273764390423,-0.14371783327674795,-0.179500378787787,-0.574457589525912,-0.5137802374056689,0.2279123301063431,0.02760947914732064,0.1780968064857945,1.0,-0.2803795629064198,-0.2855008582031212,-0.24338256065446656,-0.45473320035147563,-0.16431960559369277,0.003207849048561717],[0.03608917446778472,0.0921669414075355,-0.1351026741868734,-0.002200540636606119,-0.0021455543129633766,0.0021674213712112368,-0.0323178871983364,-0.034877210525156736,-0.24437056660610484,-0.29371567020300005,-0.43332684193622084,-0.47018104682478373,0.11293806817401957,0.1683326468446775,0.40197782125578646,-0.23697194066976765,-0.31804333392236533,-0.2803795629064198,1.0,-0.22160191025856021,-0.5550134189363146,-0.25100363642404355,-0.16659019802205052,-0.0017370632660450053],[0.026525098864988963,-0.041189753349258174,-0.01680015491096295,0.0011901825232434906,-0.0009053303407610972,-0.002103144000395741,-0.06446369612227583,0.07345827036306724,0.3551556472469996,0.29485696909774445,0.2889603786137876,0.38711439029665,0.15977464208693684,0.10479639874317741,-0.4776176407241057,0.08853371291029878,0.09024264976351817,-0.2855008582031212,-0.22160191025856021,1.0,0.39613577137170225,0.28497442757748453,0.11475604911018755,-0.0006409857006034927],[0.01994013955367031,0.14556751947973717,-0.2130540781021828,0.0010795061656450134,0.0006475408418631773,-0.00010096618654723973,-0.047535392492677644,0.03075256749066375,0.33308139229148254,0.25707190673952895,0.49878750144592854,0.5833345712300478,0.2122818244143411,0.1002429861995415,-0.5450523729210894,0.1732954918135819,0.2546296785208198,-0.24338256065446656,-0.5550134189363146,0.39613577137170225,1.0,0.4464512293252693,0.18029751901853472,0.00044092044296245163],[0.015513260253303643,0.03807626015194488,-0.1918033859562692,-0.0010050721819129178,-0.0033959746757356323,-0.0007240891385937025,-0.11418476931716844,0.04872308425716816,0.7892606923196899,0.6974405215725169,0.23657799803768484,0.2743369736116031,0.17391478490243906,0.08114201141629308,-0.3528691247757987,0.6650657391742066,0.2844514293584476,-0.45473320035147563,-0.25100363642404355,0.28497442757748453,0.4464512293252693,1.0,0.7829453513472556,-0.0036503851069110654],[0.0029580972699902192,-0.30487001792179025,0.10532645706178664,-0.0009968853899992986,-0.004191484533505936,-0.0019513024878514212,-0.10895293438185853,-0.007274092245487908,0.7805463819546181,0.7926250794329975,0.11402013136218273,0.14209193314893762,-0.12083202820374674,-0.14477996704620555,-0.2971592315366763,0.9264537899761065,0.4922814724774272,-0.16431960559369277,-0.16659019802205052,0.11475604911018755,0.18029751901853472,0.7829453513472556,1.0,-0.0046021742830932395],[0.002815801042323492,-0.0008083814625115992,0.0022775873822056254,0.30846554671117427,0.9744923909352289,0.029399355626606297,0.0010088283136119004,1.3680202518450084e-05,-0.0032663386546084748,-0.00363180288141412,-0.0006925946256103227,2.424924876269033e-05,0.0026850078316666376,0.0018330968057353161,0.004386272661614041,-0.00457511206379568,-0.0014637658236085318,0.003207849048561717,-0.0017370632660450053,-0.0006409857006034927,0.00044092044296245163,-0.0036503851069110654,-0.0046021742830932395,1.0]],"type":"heatmap","xaxis":"x","yaxis":"y","hovertemplate":"x: %{x}\u003cbr\u003ey: %{y}\u003cbr\u003ecolor: %{z}\u003cextra\u003e\u003c\u002fextra\u003e"}],                        {"template":{"data":{"barpolar":[{"marker":{"line":{"color":"white","width":0.5},"pattern":{"fillmode":"overlay","size":10,"solidity":0.2}},"type":"barpolar"}],"bar":[{"error_x":{"color":"rgb(36,36,36)"},"error_y":{"color":"rgb(36,36,36)"},"marker":{"line":{"color":"white","width":0.5},"pattern":{"fillmode":"overlay","size":10,"solidity":0.2}},"type":"bar"}],"carpet":[{"aaxis":{"endlinecolor":"rgb(36,36,36)","gridcolor":"white","linecolor":"white","minorgridcolor":"white","startlinecolor":"rgb(36,36,36)"},"baxis":{"endlinecolor":"rgb(36,36,36)","gridcolor":"white","linecolor":"white","minorgridcolor":"white","startlinecolor":"rgb(36,36,36)"},"type":"carpet"}],"choropleth":[{"colorbar":{"outlinewidth":1,"tickcolor":"rgb(36,36,36)","ticks":"outside"},"type":"choropleth"}],"contourcarpet":[{"colorbar":{"outlinewidth":1,"tickcolor":"rgb(36,36,36)","ticks":"outside"},"type":"contourcarpet"}],"contour":[{"colorbar":{"outlinewidth":1,"tickcolor":"rgb(36,36,36)","ticks":"outside"},"colorscale":[[0.0,"#440154"],[0.1111111111111111,"#482878"],[0.2222222222222222,"#3e4989"],[0.3333333333333333,"#31688e"],[0.4444444444444444,"#26828e"],[0.5555555555555556,"#1f9e89"],[0.6666666666666666,"#35b779"],[0.7777777777777778,"#6ece58"],[0.8888888888888888,"#b5de2b"],[1.0,"#fde725"]],"type":"contour"}],"heatmapgl":[{"colorbar":{"outlinewidth":1,"tickcolor":"rgb(36,36,36)","ticks":"outside"},"colorscale":[[0.0,"#440154"],[0.1111111111111111,"#482878"],[0.2222222222222222,"#3e4989"],[0.3333333333333333,"#31688e"],[0.4444444444444444,"#26828e"],[0.5555555555555556,"#1f9e89"],[0.6666666666666666,"#35b779"],[0.7777777777777778,"#6ece58"],[0.8888888888888888,"#b5de2b"],[1.0,"#fde725"]],"type":"heatmapgl"}],"heatmap":[{"colorbar":{"outlinewidth":1,"tickcolor":"rgb(36,36,36)","ticks":"outside"},"colorscale":[[0.0,"#440154"],[0.1111111111111111,"#482878"],[0.2222222222222222,"#3e4989"],[0.3333333333333333,"#31688e"],[0.4444444444444444,"#26828e"],[0.5555555555555556,"#1f9e89"],[0.6666666666666666,"#35b779"],[0.7777777777777778,"#6ece58"],[0.8888888888888888,"#b5de2b"],[1.0,"#fde725"]],"type":"heatmap"}],"histogram2dcontour":[{"colorbar":{"outlinewidth":1,"tickcolor":"rgb(36,36,36)","ticks":"outside"},"colorscale":[[0.0,"#440154"],[0.1111111111111111,"#482878"],[0.2222222222222222,"#3e4989"],[0.3333333333333333,"#31688e"],[0.4444444444444444,"#26828e"],[0.5555555555555556,"#1f9e89"],[0.6666666666666666,"#35b779"],[0.7777777777777778,"#6ece58"],[0.8888888888888888,"#b5de2b"],[1.0,"#fde725"]],"type":"histogram2dcontour"}],"histogram2d":[{"colorbar":{"outlinewidth":1,"tickcolor":"rgb(36,36,36)","ticks":"outside"},"colorscale":[[0.0,"#440154"],[0.1111111111111111,"#482878"],[0.2222222222222222,"#3e4989"],[0.3333333333333333,"#31688e"],[0.4444444444444444,"#26828e"],[0.5555555555555556,"#1f9e89"],[0.6666666666666666,"#35b779"],[0.7777777777777778,"#6ece58"],[0.8888888888888888,"#b5de2b"],[1.0,"#fde725"]],"type":"histogram2d"}],"histogram":[{"marker":{"line":{"color":"white","width":0.6}},"type":"histogram"}],"mesh3d":[{"colorbar":{"outlinewidth":1,"tickcolor":"rgb(36,36,36)","ticks":"outside"},"type":"mesh3d"}],"parcoords":[{"line":{"colorbar":{"outlinewidth":1,"tickcolor":"rgb(36,36,36)","ticks":"outside"}},"type":"parcoords"}],"pie":[{"automargin":true,"type":"pie"}],"scatter3d":[{"line":{"colorbar":{"outlinewidth":1,"tickcolor":"rgb(36,36,36)","ticks":"outside"}},"marker":{"colorbar":{"outlinewidth":1,"tickcolor":"rgb(36,36,36)","ticks":"outside"}},"type":"scatter3d"}],"scattercarpet":[{"marker":{"colorbar":{"outlinewidth":1,"tickcolor":"rgb(36,36,36)","ticks":"outside"}},"type":"scattercarpet"}],"scattergeo":[{"marker":{"colorbar":{"outlinewidth":1,"tickcolor":"rgb(36,36,36)","ticks":"outside"}},"type":"scattergeo"}],"scattergl":[{"marker":{"colorbar":{"outlinewidth":1,"tickcolor":"rgb(36,36,36)","ticks":"outside"}},"type":"scattergl"}],"scattermapbox":[{"marker":{"colorbar":{"outlinewidth":1,"tickcolor":"rgb(36,36,36)","ticks":"outside"}},"type":"scattermapbox"}],"scatterpolargl":[{"marker":{"colorbar":{"outlinewidth":1,"tickcolor":"rgb(36,36,36)","ticks":"outside"}},"type":"scatterpolargl"}],"scatterpolar":[{"marker":{"colorbar":{"outlinewidth":1,"tickcolor":"rgb(36,36,36)","ticks":"outside"}},"type":"scatterpolar"}],"scatter":[{"fillpattern":{"fillmode":"overlay","size":10,"solidity":0.2},"type":"scatter"}],"scatterternary":[{"marker":{"colorbar":{"outlinewidth":1,"tickcolor":"rgb(36,36,36)","ticks":"outside"}},"type":"scatterternary"}],"surface":[{"colorbar":{"outlinewidth":1,"tickcolor":"rgb(36,36,36)","ticks":"outside"},"colorscale":[[0.0,"#440154"],[0.1111111111111111,"#482878"],[0.2222222222222222,"#3e4989"],[0.3333333333333333,"#31688e"],[0.4444444444444444,"#26828e"],[0.5555555555555556,"#1f9e89"],[0.6666666666666666,"#35b779"],[0.7777777777777778,"#6ece58"],[0.8888888888888888,"#b5de2b"],[1.0,"#fde725"]],"type":"surface"}],"table":[{"cells":{"fill":{"color":"rgb(237,237,237)"},"line":{"color":"white"}},"header":{"fill":{"color":"rgb(217,217,217)"},"line":{"color":"white"}},"type":"table"}]},"layout":{"annotationdefaults":{"arrowhead":0,"arrowwidth":1},"autotypenumbers":"strict","coloraxis":{"colorbar":{"outlinewidth":1,"tickcolor":"rgb(36,36,36)","ticks":"outside"}},"colorscale":{"diverging":[[0.0,"rgb(103,0,31)"],[0.1,"rgb(178,24,43)"],[0.2,"rgb(214,96,77)"],[0.3,"rgb(244,165,130)"],[0.4,"rgb(253,219,199)"],[0.5,"rgb(247,247,247)"],[0.6,"rgb(209,229,240)"],[0.7,"rgb(146,197,222)"],[0.8,"rgb(67,147,195)"],[0.9,"rgb(33,102,172)"],[1.0,"rgb(5,48,97)"]],"sequential":[[0.0,"#440154"],[0.1111111111111111,"#482878"],[0.2222222222222222,"#3e4989"],[0.3333333333333333,"#31688e"],[0.4444444444444444,"#26828e"],[0.5555555555555556,"#1f9e89"],[0.6666666666666666,"#35b779"],[0.7777777777777778,"#6ece58"],[0.8888888888888888,"#b5de2b"],[1.0,"#fde725"]],"sequentialminus":[[0.0,"#440154"],[0.1111111111111111,"#482878"],[0.2222222222222222,"#3e4989"],[0.3333333333333333,"#31688e"],[0.4444444444444444,"#26828e"],[0.5555555555555556,"#1f9e89"],[0.6666666666666666,"#35b779"],[0.7777777777777778,"#6ece58"],[0.8888888888888888,"#b5de2b"],[1.0,"#fde725"]]},"colorway":["#1F77B4","#FF7F0E","#2CA02C","#D62728","#9467BD","#8C564B","#E377C2","#7F7F7F","#BCBD22","#17BECF"],"font":{"color":"rgb(36,36,36)"},"geo":{"bgcolor":"white","lakecolor":"white","landcolor":"white","showlakes":true,"showland":true,"subunitcolor":"white"},"hoverlabel":{"align":"left"},"hovermode":"closest","mapbox":{"style":"light"},"paper_bgcolor":"white","plot_bgcolor":"white","polar":{"angularaxis":{"gridcolor":"rgb(232,232,232)","linecolor":"rgb(36,36,36)","showgrid":false,"showline":true,"ticks":"outside"},"bgcolor":"white","radialaxis":{"gridcolor":"rgb(232,232,232)","linecolor":"rgb(36,36,36)","showgrid":false,"showline":true,"ticks":"outside"}},"scene":{"xaxis":{"backgroundcolor":"white","gridcolor":"rgb(232,232,232)","gridwidth":2,"linecolor":"rgb(36,36,36)","showbackground":true,"showgrid":false,"showline":true,"ticks":"outside","zeroline":false,"zerolinecolor":"rgb(36,36,36)"},"yaxis":{"backgroundcolor":"white","gridcolor":"rgb(232,232,232)","gridwidth":2,"linecolor":"rgb(36,36,36)","showbackground":true,"showgrid":false,"showline":true,"ticks":"outside","zeroline":false,"zerolinecolor":"rgb(36,36,36)"},"zaxis":{"backgroundcolor":"white","gridcolor":"rgb(232,232,232)","gridwidth":2,"linecolor":"rgb(36,36,36)","showbackground":true,"showgrid":false,"showline":true,"ticks":"outside","zeroline":false,"zerolinecolor":"rgb(36,36,36)"}},"shapedefaults":{"fillcolor":"black","line":{"width":0},"opacity":0.3},"ternary":{"aaxis":{"gridcolor":"rgb(232,232,232)","linecolor":"rgb(36,36,36)","showgrid":false,"showline":true,"ticks":"outside"},"baxis":{"gridcolor":"rgb(232,232,232)","linecolor":"rgb(36,36,36)","showgrid":false,"showline":true,"ticks":"outside"},"bgcolor":"white","caxis":{"gridcolor":"rgb(232,232,232)","linecolor":"rgb(36,36,36)","showgrid":false,"showline":true,"ticks":"outside"}},"title":{"x":0.5,"xanchor":"center"},"xaxis":{"automargin":true,"gridcolor":"rgb(232,232,232)","linecolor":"rgb(36,36,36)","showgrid":true,"showline":true,"ticks":"outside","title":{"standoff":15},"zeroline":false,"zerolinecolor":"rgb(36,36,36)"},"yaxis":{"automargin":true,"gridcolor":"rgb(232,232,232)","linecolor":"rgb(36,36,36)","showgrid":true,"showline":true,"ticks":"outside","title":{"standoff":15},"zeroline":false,"zerolinecolor":"rgb(36,36,36)"},"autosize":true,"height":400,"margin":{"b":30,"l":30,"r":30,"t":30},"width":600}},"xaxis":{"anchor":"y","domain":[0.0,1.0]},"yaxis":{"anchor":"x","domain":[0.0,1.0],"autorange":"reversed"},"coloraxis":{"colorscale":[[0.0,"#440154"],[0.1111111111111111,"#482878"],[0.2222222222222222,"#3e4989"],[0.3333333333333333,"#31688e"],[0.4444444444444444,"#26828e"],[0.5555555555555556,"#1f9e89"],[0.6666666666666666,"#35b779"],[0.7777777777777778,"#6ece58"],[0.8888888888888888,"#b5de2b"],[1.0,"#fde725"]]},"title":{"text":"Feature Correlation Heatmap"}},                        {"responsive": true}                    )                };                            </script>        </div>
</body>
</html>